0 1
0 2
0 3
0 4
0 5
0 6
0 7
0 8
0 9
0 10
0 11
0 12
0 13
0 14
0 15
0 16
0 17
0 18
0 19
0 20
0 21
0 22
0 23
0 24
0 25
0 26
0 27
0 28
0 29
0 30
0 31
0 32
0 33
0 34
0 35
0 36
0 37
0 38
0 39
0 40
0 41
0 42
0 43
0 44
0 45
0 46
0 47
0 48
0 49
0 50
0 51
0 52
0 53
0 54
0 55
0 56
0 57
0 58
0 59
0 60
0 61
0 62
0 63
0 64
0 65
0 66
0 67
0 68
0 69
0 70
0 71
0 72
0 73
0 74
0 75
0 76
0 77
0 78
0 79
0 80
0 81
0 82
0 83
0 84
0 85
0 86
0 87
0 88
0 89
0 90
0 91
0 92
0 93
0 94
0 95
0 96
0 97
0 98
0 99
1 0
1 48
1 53
1 54
1 73
1 88
1 92
2 0
2 20
3 0
3 9
3 25
3 26
3 67
3 72
3 85
4 0
4 78
5 0
5 87
6 0
6 89
6 95
7 0
7 22
7 31
7 38
7 65
7 87
8 0
8 91
9 0
9 3
9 21
9 25
9 26
9 30
9 56
9 66
9 67
9 69
9 72
9 75
9 79
9 85
10 0
10 67
11 0
12 0
13 0
13 21
13 26
13 56
13 59
13 65
13 67
13 82
13 98
14 0
14 20
14 28
14 41
15 0
16 0
16 29
16 82
17 0
17 19
17 41
18 0
19 0
19 17
19 41
19 89
20 0
20 2
20 14
20 41
20 44
21 0
21 9
21 13
21 25
21 26
21 31
21 39
21 40
21 55
21 56
21 66
21 67
21 88
21 98
22 0
22 7
22 87
23 0
23 51
23 61
23 83
23 99
24 0
24 53
24 57
24 80
24 92
24 94
25 0
25 3
25 9
25 21
25 26
25 31
25 39
25 40
25 51
25 56
25 65
25 67
25 69
25 72
25 73
25 76
25 79
25 83
25 84
25 88
25 94
25 98
26 0
26 3
26 9
26 13
26 21
26 25
26 40
26 55
26 56
26 62
26 66
26 67
26 69
26 72
26 79
26 98
27 0
27 54
28 0
28 14
28 41
29 0
29 16
29 40
29 82
30 0
30 9
30 48
30 56
30 73
31 0
31 7
31 21
31 25
31 51
31 67
31 83
31 84
32 0
32 93
33 0
33 42
34 0
35 0
36 0
37 0
38 0
38 7
39 0
39 21
39 25
39 69
40 0
40 21
40 25
40 26
40 29
40 56
40 67
40 72
40 77
41 0
41 14
41 17
41 19
41 20
41 28
41 44
41 93
42 0
42 33
43 0
44 0
44 20
44 41
45 0
45 67
46 0
47 0
48 0
48 1
48 30
48 53
48 54
48 57
48 73
48 80
48 88
49 0
50 0
51 0
51 23
51 25
51 31
51 83
51 84
52 0
53 0
53 1
53 24
53 48
53 54
53 88
53 92
53 94
54 0
54 1
54 27
54 48
54 53
55 0
55 21
55 26
55 56
55 67
56 0
56 9
56 13
56 21
56 25
56 26
56 30
56 40
56 55
56 59
56 60
56 62
56 63
56 66
56 67
56 72
56 75
56 82
56 88
56 98
57 0
57 24
57 48
57 80
57 92
58 0
59 0
59 13
59 56
59 82
59 98
60 0
60 56
61 0
61 23
62 0
62 26
62 56
62 67
62 96
62 98
63 0
63 56
64 0
65 0
65 7
65 13
65 25
65 82
66 0
66 9
66 21
66 26
66 56
66 67
67 0
67 3
67 9
67 10
67 13
67 21
67 25
67 26
67 31
67 40
67 45
67 55
67 56
67 62
67 66
67 69
67 72
67 75
67 79
67 82
67 98
68 0
68 99
69 0
69 9
69 25
69 26
69 39
69 67
70 0
71 0
72 0
72 3
72 9
72 25
72 26
72 40
72 56
72 67
73 0
73 1
73 25
73 30
73 48
73 88
74 0
75 0
75 9
75 56
75 67
75 85
76 0
76 25
77 0
77 40
78 0
78 4
79 0
79 9
79 25
79 26
79 67
80 0
80 24
80 48
80 57
80 88
80 92
80 94
81 0
82 0
82 13
82 16
82 29
82 56
82 59
82 65
82 67
82 84
82 98
83 0
83 23
83 25
83 31
83 51
83 84
84 0
84 25
84 31
84 51
84 82
84 83
85 0
85 3
85 9
85 75
86 0
87 0
87 5
87 7
87 22
88 0
88 1
88 21
88 25
88 48
88 53
88 56
88 73
88 80
89 0
89 6
89 19
89 95
90 0
91 0
91 8
92 0
92 1
92 24
92 53
92 57
92 80
92 94
93 0
93 32
93 41
94 0
94 24
94 25
94 53
94 80
94 92
95 0
95 6
95 89
96 0
96 62
97 0
98 0
98 13
98 21
98 25
98 26
98 56
98 59
98 62
98 67
98 82
99 0
99 23
99 68
