0 1
0 2
0 3
0 4
0 5
0 6
0 7
0 8
0 9
0 10
0 11
0 12
0 13
0 14
0 15
0 16
0 17
0 18
0 19
0 20
0 21
0 22
0 23
0 24
0 25
0 26
0 27
0 28
0 29
0 30
0 31
0 32
0 33
0 34
0 35
0 36
0 37
0 38
0 39
0 40
0 41
0 42
0 43
0 44
0 45
0 46
0 47
0 48
0 49
0 50
0 51
0 52
0 53
0 54
0 55
0 56
0 57
0 58
0 59
0 60
0 61
0 62
0 63
0 64
0 65
0 66
0 67
0 68
0 69
0 70
0 71
0 72
0 73
0 74
0 75
0 76
0 77
0 78
0 79
0 80
0 81
0 82
0 83
0 84
0 85
0 86
0 87
0 88
0 89
0 90
0 91
0 92
0 93
0 94
0 95
0 96
0 97
0 98
0 99
0 100
0 101
0 102
0 103
0 104
0 105
0 106
0 107
0 108
0 109
0 110
0 111
0 112
0 113
0 114
0 115
0 116
0 117
0 118
0 119
0 120
0 121
0 122
0 123
0 124
0 125
0 126
0 127
0 128
0 129
0 130
0 131
0 132
0 133
0 134
0 135
0 136
0 137
0 138
0 139
0 140
0 141
0 142
0 143
0 144
0 145
0 146
0 147
0 148
0 149
0 150
0 151
0 152
0 153
0 154
0 155
0 156
0 157
0 158
0 159
0 160
0 161
0 162
0 163
0 164
0 165
0 166
0 167
0 168
0 169
0 170
0 171
0 172
0 173
0 174
0 175
0 176
0 177
0 178
0 179
0 180
0 181
0 182
0 183
0 184
0 185
0 186
0 187
0 188
0 189
0 190
0 191
0 192
0 193
0 194
0 195
0 196
0 197
0 198
0 199
1 0
1 48
1 53
1 54
1 73
1 88
1 92
1 119
1 126
1 133
1 194
2 0
2 20
2 115
2 116
2 149
3 0
3 9
3 25
3 26
3 67
3 72
3 85
3 122
3 142
3 170
3 188
4 0
4 78
4 152
4 181
4 195
5 0
5 87
5 122
5 156
5 158
5 169
5 180
5 187
6 0
6 89
6 95
6 147
7 0
7 22
7 31
7 38
7 65
7 87
7 103
7 129
7 136
7 168
8 0
8 91
8 110
8 193
9 0
9 3
9 21
9 25
9 26
9 30
9 56
9 66
9 67
9 69
9 72
9 75
9 79
9 85
9 105
9 113
9 119
9 122
9 128
9 133
9 134
9 141
9 142
9 148
9 156
9 161
9 169
9 170
9 176
9 185
9 186
9 188
9 199
10 0
10 67
10 142
10 169
11 0
12 0
13 0
13 21
13 26
13 56
13 59
13 65
13 67
13 82
13 98
13 109
13 118
13 119
13 148
13 172
13 188
13 199
14 0
14 20
14 28
14 41
14 115
14 116
14 144
14 149
14 151
15 0
16 0
16 29
16 82
16 118
16 172
17 0
17 19
17 41
17 111
17 115
17 116
17 137
17 140
17 144
18 0
19 0
19 17
19 41
19 89
19 112
19 115
19 138
19 174
19 175
20 0
20 2
20 14
20 41
20 44
20 111
20 115
20 149
20 162
21 0
21 9
21 13
21 25
21 26
21 31
21 39
21 40
21 55
21 56
21 66
21 67
21 88
21 98
21 104
21 105
21 108
21 109
21 119
21 121
21 122
21 123
21 127
21 134
21 136
21 142
21 159
21 161
21 165
21 169
21 170
21 184
21 186
21 188
21 197
22 0
22 7
22 87
22 158
22 168
22 185
23 0
23 51
23 61
23 83
23 99
23 116
23 124
23 144
23 155
23 175
23 190
24 0
24 53
24 57
24 80
24 92
24 94
24 101
24 180
24 187
24 194
25 0
25 3
25 9
25 21
25 26
25 31
25 39
25 40
25 51
25 56
25 65
25 67
25 69
25 72
25 73
25 76
25 79
25 83
25 84
25 88
25 94
25 98
25 103
25 104
25 105
25 113
25 119
25 122
25 130
25 141
25 148
25 158
25 169
25 170
25 176
25 185
25 186
25 188
25 199
26 0
26 3
26 9
26 13
26 21
26 25
26 40
26 55
26 56
26 62
26 66
26 67
26 69
26 72
26 79
26 98
26 104
26 109
26 113
26 118
26 119
26 122
26 123
26 128
26 133
26 134
26 141
26 142
26 158
26 161
26 169
26 170
26 172
26 176
26 185
26 186
26 188
26 199
27 0
27 54
27 119
28 0
28 14
28 41
28 115
28 116
28 140
28 144
28 149
28 151
29 0
29 16
29 40
29 82
29 106
29 118
29 172
30 0
30 9
30 48
30 56
30 73
30 178
30 188
31 0
31 7
31 21
31 25
31 51
31 67
31 83
31 84
31 109
31 122
31 129
31 142
31 168
32 0
32 93
32 137
32 167
33 0
33 42
34 0
34 173
35 0
35 143
36 0
36 108
36 127
36 135
36 184
36 197
37 0
38 0
38 7
38 117
38 141
38 178
39 0
39 21
39 25
39 69
39 105
39 119
39 121
39 141
39 161
39 165
40 0
40 21
40 25
40 26
40 29
40 56
40 67
40 72
40 77
40 113
40 132
40 133
40 141
40 142
40 158
40 169
40 172
40 199
41 0
41 14
41 17
41 19
41 20
41 28
41 44
41 93
41 111
41 115
41 116
41 137
41 140
41 144
41 151
42 0
42 33
43 0
44 0
44 20
44 41
44 111
45 0
45 67
45 104
45 122
45 132
45 142
45 186
46 0
46 143
46 175
46 177
47 0
48 0
48 1
48 30
48 53
48 54
48 57
48 73
48 80
48 88
48 119
48 126
48 130
48 180
48 199
49 0
49 192
50 0
50 109
50 113
50 119
50 146
50 148
51 0
51 23
51 25
51 31
51 83
51 84
52 0
52 192
53 0
53 1
53 24
53 48
53 54
53 88
53 92
53 94
53 101
53 130
53 146
53 180
53 191
53 194
53 196
54 0
54 1
54 27
54 48
54 53
54 119
55 0
55 21
55 26
55 56
55 67
55 104
55 122
55 123
55 170
55 185
55 186
56 0
56 9
56 13
56 21
56 25
56 26
56 30
56 40
56 55
56 59
56 60
56 62
56 63
56 66
56 67
56 72
56 75
56 82
56 88
56 98
56 103
56 104
56 109
56 113
56 118
56 119
56 122
56 128
56 132
56 134
56 136
56 141
56 142
56 161
56 169
56 170
56 172
56 185
56 186
56 188
56 199
57 0
57 24
57 48
57 80
57 92
57 108
57 184
58 0
58 107
58 171
59 0
59 13
59 56
59 82
59 98
59 118
59 172
59 186
60 0
60 56
60 158
61 0
61 23
61 193
62 0
62 26
62 56
62 67
62 96
62 98
62 122
62 130
62 133
62 141
62 142
62 161
62 170
62 186
62 199
63 0
63 56
64 0
64 100
64 119
64 150
64 171
64 189
65 0
65 7
65 13
65 25
65 82
65 118
66 0
66 9
66 21
66 26
66 56
66 67
66 113
66 122
66 134
66 142
67 0
67 3
67 9
67 10
67 13
67 21
67 25
67 26
67 31
67 40
67 45
67 55
67 56
67 62
67 66
67 69
67 72
67 75
67 79
67 82
67 98
67 104
67 109
67 113
67 118
67 119
67 122
67 123
67 128
67 134
67 136
67 141
67 142
67 156
67 158
67 161
67 169
67 170
67 185
67 186
67 188
67 196
67 199
68 0
68 99
68 143
68 175
68 177
69 0
69 9
69 25
69 26
69 39
69 67
69 105
69 121
70 0
71 0
72 0
72 3
72 9
72 25
72 26
72 40
72 56
72 67
72 113
72 132
72 141
72 165
72 172
72 199
73 0
73 1
73 25
73 30
73 48
73 88
73 126
73 130
74 0
75 0
75 9
75 56
75 67
75 85
75 170
75 188
76 0
76 25
77 0
77 40
77 117
78 0
78 4
78 181
78 195
79 0
79 9
79 25
79 26
79 67
79 119
79 185
79 188
80 0
80 24
80 48
80 57
80 88
80 92
80 94
80 101
80 173
80 180
80 187
80 194
81 0
82 0
82 13
82 16
82 29
82 56
82 59
82 65
82 67
82 84
82 98
82 118
82 119
82 121
82 123
82 148
82 158
82 169
82 170
82 172
82 199
83 0
83 23
83 25
83 31
83 51
83 84
84 0
84 25
84 31
84 51
84 82
84 83
85 0
85 3
85 9
85 75
85 156
85 170
85 176
85 188
86 0
86 175
86 177
87 0
87 5
87 7
87 22
87 136
87 161
88 0
88 1
88 21
88 25
88 48
88 53
88 56
88 73
88 80
88 106
88 126
88 130
88 164
88 178
88 186
89 0
89 6
89 19
89 95
89 147
90 0
90 179
91 0
91 8
91 110
91 193
92 0
92 1
92 24
92 53
92 57
92 80
92 94
92 101
92 180
92 187
92 194
92 196
93 0
93 32
93 41
93 111
93 137
93 167
94 0
94 24
94 25
94 53
94 80
94 92
94 101
94 180
94 187
94 194
95 0
95 6
95 89
95 147
96 0
96 62
96 133
96 190
97 0
97 182
98 0
98 13
98 21
98 25
98 26
98 56
98 59
98 62
98 67
98 82
98 103
98 104
98 109
98 113
98 118
98 119
98 122
98 123
98 128
98 141
98 148
98 170
98 172
98 186
98 199
99 0
99 23
99 68
99 102
99 131
99 143
99 175
99 177
100 0
100 64
100 119
100 150
100 163
100 189
101 0
101 24
101 53
101 80
101 92
101 94
101 180
101 187
101 194
102 0
102 99
102 175
103 0
103 7
103 25
103 56
103 98
103 136
103 169
103 172
103 185
104 0
104 21
104 25
104 26
104 45
104 55
104 56
104 67
104 98
104 109
104 113
104 122
104 123
104 128
104 142
104 169
104 186
104 188
105 0
105 9
105 21
105 25
105 39
105 69
105 119
105 148
106 0
106 29
106 88
106 169
107 0
107 58
107 171
108 0
108 21
108 36
108 57
108 127
108 159
108 184
108 197
109 0
109 13
109 21
109 26
109 31
109 50
109 56
109 67
109 98
109 104
109 118
109 119
109 122
109 142
109 148
109 158
109 169
109 186
110 0
110 8
110 91
111 0
111 17
111 20
111 41
111 44
111 93
111 137
112 0
112 19
112 174
113 0
113 9
113 25
113 26
113 40
113 50
113 56
113 66
113 67
113 72
113 98
113 104
113 119
113 121
113 122
113 132
113 134
113 142
113 148
113 158
113 165
113 169
113 172
113 186
113 188
113 199
114 0
115 0
115 2
115 14
115 17
115 19
115 20
115 28
115 41
115 116
115 137
115 140
115 144
115 149
115 192
116 0
116 2
116 14
116 17
116 23
116 28
116 41
116 115
116 140
116 144
116 149
116 162
117 0
117 38
117 77
118 0
118 13
118 16
118 26
118 29
118 56
118 59
118 65
118 67
118 82
118 98
118 109
118 134
118 161
118 172
118 199
119 0
119 1
119 9
119 13
119 21
119 25
119 26
119 27
119 39
119 48
119 50
119 54
119 56
119 64
119 67
119 79
119 82
119 98
119 100
119 105
119 109
119 113
119 122
119 125
119 128
119 132
119 146
119 148
119 150
119 163
119 170
119 171
119 176
119 185
119 188
119 189
119 199
120 0
120 136
121 0
121 21
121 39
121 69
121 82
121 113
121 165
121 169
122 0
122 3
122 5
122 9
122 21
122 25
122 26
122 31
122 45
122 55
122 56
122 62
122 66
122 67
122 98
122 104
122 109
122 113
122 119
122 123
122 128
122 136
122 141
122 142
122 156
122 161
122 169
122 170
122 176
122 186
122 188
123 0
123 21
123 26
123 55
123 67
123 82
123 98
123 104
123 122
123 142
123 186
124 0
124 23
124 157
124 170
125 0
125 119
125 136
125 169
126 0
126 1
126 48
126 73
126 88
127 0
127 21
127 36
127 108
127 135
127 139
127 159
127 184
127 197
128 0
128 9
128 26
128 56
128 67
128 98
128 104
128 119
128 122
128 150
128 169
128 170
128 172
128 176
128 186
128 199
129 0
129 7
129 31
129 168
130 0
130 25
130 48
130 53
130 62
130 73
130 88
130 191
131 0
131 99
131 143
131 177
132 0
132 40
132 45
132 56
132 72
132 113
132 119
132 134
132 158
133 0
133 1
133 9
133 26
133 40
133 62
133 96
133 141
133 183
133 188
134 0
134 9
134 21
134 26
134 56
134 66
134 67
134 113
134 118
134 132
134 142
134 199
135 0
135 36
135 127
135 184
135 197
136 0
136 7
136 21
136 56
136 67
136 87
136 103
136 120
136 122
136 125
136 146
136 156
136 169
137 0
137 17
137 32
137 41
137 93
137 111
137 115
137 140
137 167
138 0
138 19
139 0
139 127
139 159
139 184
139 197
140 0
140 17
140 28
140 41
140 115
140 116
140 137
140 144
141 0
141 9
141 25
141 26
141 38
141 39
141 40
141 56
141 62
141 67
141 72
141 98
141 122
141 133
141 172
141 199
142 0
142 3
142 9
142 10
142 21
142 26
142 31
142 40
142 45
142 56
142 62
142 66
142 67
142 104
142 109
142 113
142 122
142 123
142 134
142 158
142 161
142 169
142 170
142 186
142 188
143 0
143 35
143 46
143 68
143 99
143 131
143 175
143 177
144 0
144 14
144 17
144 23
144 28
144 41
144 115
144 116
144 140
144 149
144 151
145 0
145 179
146 0
146 50
146 53
146 119
146 136
146 148
147 0
147 6
147 89
147 95
148 0
148 9
148 13
148 25
148 50
148 82
148 98
148 105
148 109
148 113
148 119
148 146
148 176
148 185
149 0
149 2
149 14
149 20
149 28
149 115
149 116
149 144
149 162
150 0
150 64
150 100
150 119
150 128
150 163
150 171
150 189
151 0
151 14
151 28
151 41
151 144
152 0
152 4
152 181
153 0
154 0
155 0
155 23
155 157
156 0
156 5
156 9
156 67
156 85
156 122
156 136
156 188
157 0
157 124
157 155
158 0
158 5
158 22
158 25
158 26
158 40
158 60
158 67
158 82
158 109
158 113
158 132
158 142
158 168
159 0
159 21
159 108
159 127
159 139
159 172
159 184
159 197
160 0
161 0
161 9
161 21
161 26
161 39
161 56
161 62
161 67
161 87
161 118
161 122
161 142
161 199
162 0
162 20
162 116
162 149
163 0
163 100
163 119
163 150
163 173
164 0
164 88
165 0
165 21
165 39
165 72
165 113
165 121
165 169
165 188
166 0
166 173
166 198
167 0
167 32
167 93
167 137
168 0
168 7
168 22
168 31
168 129
168 158
169 0
169 5
169 9
169 10
169 21
169 25
169 26
169 40
169 56
169 67
169 82
169 103
169 104
169 106
169 109
169 113
169 121
169 122
169 125
169 128
169 136
169 142
169 165
169 185
170 0
170 3
170 9
170 21
170 25
170 26
170 55
170 56
170 62
170 67
170 75
170 82
170 85
170 98
170 119
170 122
170 124
170 128
170 142
170 176
170 185
170 186
170 188
171 0
171 58
171 64
171 107
171 119
171 150
171 189
172 0
172 13
172 16
172 26
172 29
172 40
172 56
172 59
172 72
172 82
172 98
172 103
172 113
172 118
172 128
172 141
172 159
172 199
173 0
173 34
173 80
173 163
173 166
174 0
174 19
174 112
175 0
175 19
175 23
175 46
175 68
175 86
175 99
175 102
175 143
175 177
176 0
176 9
176 25
176 26
176 85
176 119
176 122
176 128
176 148
176 170
176 188
177 0
177 46
177 68
177 86
177 99
177 131
177 143
177 175
178 0
178 30
178 38
178 88
178 186
179 0
179 90
179 145
180 0
180 5
180 24
180 48
180 53
180 80
180 92
180 94
180 101
180 187
180 194
180 196
181 0
181 4
181 78
181 152
181 195
182 0
182 97
183 0
183 133
184 0
184 21
184 36
184 57
184 108
184 127
184 135
184 139
184 159
184 197
185 0
185 9
185 22
185 25
185 26
185 55
185 56
185 67
185 79
185 103
185 119
185 148
185 169
185 170
185 188
186 0
186 9
186 21
186 25
186 26
186 45
186 55
186 56
186 59
186 62
186 67
186 88
186 98
186 104
186 109
186 113
186 122
186 123
186 128
186 142
186 170
186 178
186 188
186 199
187 0
187 5
187 24
187 80
187 92
187 94
187 101
187 180
187 194
188 0
188 3
188 9
188 13
188 21
188 25
188 26
188 30
188 56
188 67
188 75
188 79
188 85
188 104
188 113
188 119
188 122
188 133
188 142
188 156
188 165
188 170
188 176
188 185
188 186
189 0
189 64
189 100
189 119
189 150
189 171
190 0
190 23
190 96
191 0
191 53
191 130
192 0
192 49
192 52
192 115
193 0
193 8
193 61
193 91
194 0
194 1
194 24
194 53
194 80
194 92
194 94
194 101
194 180
194 187
194 196
195 0
195 4
195 78
195 181
196 0
196 53
196 67
196 92
196 180
196 194
197 0
197 21
197 36
197 108
197 127
197 135
197 139
197 159
197 184
198 0
198 166
199 0
199 9
199 13
199 25
199 26
199 40
199 48
199 56
199 62
199 67
199 72
199 82
199 98
199 113
199 118
199 119
199 128
199 134
199 141
199 161
199 172
199 186
